0 96 DEPARTEMENT INSEE_DEP
01 38     1.05766513e-05
01 74     1.19454161e-05
01 71      1.1539531e-05
01 69     1.65561552e-05
01 39     1.33704166e-05
02 51     1.19016228e-05
02 60     1.19359945e-05
02 08     1.27281496e-05
2A 2B      1.6190109e-05
2B 2A      1.6190109e-05
03 18      1.0918437e-05
03 58     1.19486815e-05
03 63      1.3462017e-05
03 23      1.0394361e-05
04 05     1.61348585e-05
04 84     1.16174744e-05
04 83     1.35413836e-05
04 06     1.38102375e-05
05 73     1.09306216e-05
05 26       1.151572e-05
05 38     1.16497695e-05
05 04     1.61348585e-05
06 04     1.38102375e-05
06 83     1.11897315e-05
07 48     1.28498043e-05
07 43     1.55691406e-05
07 26     1.68490929e-05
07 30     1.15648854e-05
08 51      1.2551359e-05
08 55     1.13558535e-05
08 02     1.27281496e-05
09 11     1.29954399e-05
09 31     1.79834855e-05
09 66     1.10234546e-05
10 51     1.38978504e-05
10 89     1.46714505e-05
10 52     1.21941871e-05
11 81     1.27519969e-05
11 34     1.06649202e-05
11 66     1.76485324e-05
11 09     1.29954399e-05
12 48     1.41958443e-05
12 46     1.06750334e-05
12 15     1.16796574e-05
12 81     1.45607488e-05
12 34      1.0476901e-05
13 84     1.93159994e-05
13 83     1.05935046e-05
13 30     1.13221916e-05
14 50     1.41764765e-05
14 61     1.56139409e-05
15 48      1.1289797e-05
15 46     1.03606707e-05
15 19     1.41165936e-05
15 43     1.11210714e-05
15 12     1.16796574e-05
15 63     1.19703356e-05
16 24     1.24712923e-05
16 87     1.21154617e-05
16 86      1.0412386e-05
16 17      1.4611097e-05
17 79     1.10533334e-05
17 16      1.4611097e-05
18 58     1.29692743e-05
18 45     1.05530971e-05
18 36     1.30578051e-05
18 03      1.0918437e-05
19 46     1.18808986e-05
19 24     1.07023661e-05
19 15     1.41165936e-05
19 87     1.28829237e-05
19 23     1.21691752e-05
21 52     1.19994446e-05
21 71     1.13126765e-05
22 56     1.51086753e-05
22 35     1.03849965e-05
22 29     1.10127921e-05
23 19     1.21691752e-05
23 87     1.54943569e-05
23 63     1.04213732e-05
23 36     1.19650188e-05
23 03      1.0394361e-05
24 46     1.15516094e-05
24 19     1.07023661e-05
24 47     1.17948107e-05
24 87     1.04635081e-05
24 16     1.24712923e-05
25 90     1.48906832e-05
25 70     1.76097734e-05
25 39     1.42730334e-05
26 07     1.68490929e-05
26 05       1.151572e-05
26 38     1.39014581e-05
26 84     1.32930142e-05
27 95     1.20542584e-05
27 92     1.03989829e-05
27 78     1.42365941e-05
27 61     1.19358257e-05
27 28     1.17241624e-05
27 76     1.65928922e-05
28 95     1.04776106e-05
28 94     1.08781114e-05
28 92     1.21421698e-05
28 27     1.17241624e-05
28 75     1.12799391e-05
28 78     1.69860732e-05
28 41     1.16585966e-05
28 91     1.50899759e-05
28 72     1.04354396e-05
28 61     1.04830582e-05
28 45     1.11519491e-05
29 22     1.10127921e-05
30 48     1.25686403e-05
30 07     1.15648854e-05
30 84     1.24890883e-05
30 13     1.13221916e-05
30 34     1.25040815e-05
31 82     1.22928524e-05
31 81     1.07169983e-05
31 65     1.12672467e-05
31 32     1.44859907e-05
31 09     1.79834855e-05
32 82     1.25591377e-05
32 65     1.33540068e-05
32 47     1.33359916e-05
32 31     1.44859907e-05
33 47     1.03602949e-05
34 12      1.0476901e-05
34 11     1.06649202e-05
34 30     1.25040815e-05
35 44     1.13611116e-05
35 53     1.37141634e-05
35 56     1.06542263e-05
35 22     1.03849965e-05
36 41     1.06569709e-05
36 37     1.16570056e-05
36 18     1.30578051e-05
36 86     1.12960968e-05
36 23     1.19650188e-05
37 41     1.46168116e-05
37 49     1.04579409e-05
37 72     1.12261312e-05
37 86     1.26483344e-05
37 36     1.16570056e-05
38 73     1.38971259e-05
38 26     1.39014581e-05
38 05     1.16497695e-05
38 01     1.05766513e-05
39 25     1.42730334e-05
39 74     1.04901374e-05
39 71     1.12620757e-05
39 01     1.33704166e-05
40 64     1.26889157e-05
41 37     1.46168116e-05
41 45     1.31622982e-05
41 28     1.16585966e-05
41 36     1.06569709e-05
42 43     1.38498222e-05
42 69      2.4857149e-05
42 63     1.25455721e-05
43 48     1.38763895e-05
43 15     1.11210714e-05
43 07     1.55691406e-05
43 63     1.18579721e-05
43 42     1.38498222e-05
44 49     1.18295339e-05
44 35     1.13611116e-05
44 85     1.22409472e-05
45 41     1.31622982e-05
45 18     1.05530971e-05
45 91     1.46487097e-05
45 89     1.09214312e-05
45 77     1.10282529e-05
45 28     1.11519491e-05
46 24     1.15516094e-05
46 19     1.18808986e-05
46 15     1.03606707e-05
46 82     1.53568295e-05
46 47     1.04884463e-05
46 12     1.06750334e-05
47 46     1.04884463e-05
47 33     1.03602949e-05
47 24     1.17948107e-05
47 82     1.37533853e-05
47 32     1.33359916e-05
48 15      1.1289797e-05
48 07     1.28498043e-05
48 43     1.38763895e-05
48 12     1.41958443e-05
48 30     1.25686403e-05
49 44     1.18295339e-05
49 37     1.04579409e-05
49 72     1.12110781e-05
49 53      1.1843305e-05
49 79     1.05858144e-05
50 14     1.41764765e-05
51 55     1.19303415e-05
51 10     1.38978504e-05
51 08      1.2551359e-05
51 02     1.19016228e-05
52 70     1.20937226e-05
52 21     1.19994446e-05
52 88     1.15805555e-05
52 10     1.21941871e-05
53 49      1.1843305e-05
53 72     1.47664537e-05
53 61     1.26985326e-05
53 35     1.37141634e-05
54 55     1.62184062e-05
54 57     2.17856417e-05
54 88     1.47955365e-05
55 51     1.19303415e-05
55 57     1.06508518e-05
55 54     1.62184062e-05
55 08     1.13558535e-05
56 35     1.06542263e-05
56 22     1.51086753e-05
57 55     1.06508518e-05
57 54     2.17856417e-05
57 67      1.3006858e-05
57 88     1.04434572e-05
58 18     1.29692743e-05
58 89     1.24021742e-05
58 71     1.05557468e-05
58 03     1.19486815e-05
59 80     1.15406715e-05
59 62     1.50598566e-05
60 95     2.36723918e-05
60 94      1.4196396e-05
60 93     1.82087186e-05
60 92     1.56410309e-05
60 75     1.61660773e-05
60 78      1.2700509e-05
60 77     1.05571881e-05
60 02     1.19359945e-05
60 80     1.61493993e-05
61 27     1.19358257e-05
61 14     1.56139409e-05
61 72     1.42321618e-05
61 28     1.04830582e-05
61 53     1.26985326e-05
62 80      1.6760531e-05
62 59     1.50598566e-05
63 15     1.19703356e-05
63 43     1.18579721e-05
63 42     1.25455721e-05
63 03      1.3462017e-05
63 23     1.04213732e-05
64 65     1.27241028e-05
64 40     1.26889157e-05
65 64     1.27241028e-05
65 32     1.33540068e-05
65 31     1.12672467e-05
66 11     1.76485324e-05
66 09     1.10234546e-05
67 57      1.3006858e-05
67 68     1.08033683e-05
68 67     1.08033683e-05
68 90     2.76724778e-05
68 70     1.08435166e-05
68 88     1.30785701e-05
69 71     1.15839355e-05
69 42      2.4857149e-05
69 01     1.65561552e-05
70 90     1.58038802e-05
70 25     1.76097734e-05
70 88     1.52639477e-05
70 68     1.08435166e-05
70 52     1.20937226e-05
71 21     1.13126765e-05
71 58     1.05557468e-05
71 69     1.15839355e-05
71 39     1.12620757e-05
71 01      1.1539531e-05
72 49     1.12110781e-05
72 37     1.12261312e-05
72 61     1.42321618e-05
72 28     1.04354396e-05
72 53     1.47664537e-05
73 05     1.09306216e-05
73 38     1.38971259e-05
73 74     1.61638689e-05
74 73     1.61638689e-05
74 39     1.04901374e-05
74 01     1.19454161e-05
75 95     3.38262835e-05
75 94     7.81766216e-05
75 93     8.30707103e-05
75 92     0.000139302677
75 78      2.6953933e-05
75 91     2.64064542e-05
75 77     1.98418309e-05
75 28     1.12799391e-05
75 60     1.61660773e-05
76 27     1.65928922e-05
76 80     1.03981029e-05
77 95     1.28660574e-05
77 94     2.62770261e-05
77 93      2.1494226e-05
77 92     1.77922175e-05
77 75     1.98418309e-05
77 78     1.20443882e-05
77 91     1.91467845e-05
77 45     1.10282529e-05
77 60     1.05571881e-05
78 95     2.73424098e-05
78 94     2.15931559e-05
78 93     2.07852114e-05
78 92     3.34186538e-05
78 27     1.42365941e-05
78 75      2.6953933e-05
78 91     2.27424013e-05
78 77     1.20443882e-05
78 28     1.69860732e-05
78 60      1.2700509e-05
79 49     1.05858144e-05
79 86     1.67899869e-05
79 85     1.31227261e-05
79 17     1.10533334e-05
80 60     1.61493993e-05
80 76     1.03981029e-05
80 59     1.15406715e-05
80 62      1.6760531e-05
81 82     1.27425932e-05
81 12     1.45607488e-05
81 11     1.27519969e-05
81 31     1.07169983e-05
82 46     1.53568295e-05
82 81     1.27425932e-05
82 47     1.37533853e-05
82 32     1.25591377e-05
82 31     1.22928524e-05
83 04     1.35413836e-05
83 13     1.05935046e-05
83 06     1.11897315e-05
84 26     1.32930142e-05
84 04     1.16174744e-05
84 13     1.93159994e-05
84 30     1.24890883e-05
85 44     1.22409472e-05
85 79     1.31227261e-05
86 37     1.26483344e-05
86 87     1.04576356e-05
86 79     1.67899869e-05
86 36     1.12960968e-05
86 16      1.0412386e-05
87 24     1.04635081e-05
87 19     1.28829237e-05
87 86     1.04576356e-05
87 23     1.54943569e-05
87 16     1.21154617e-05
88 57     1.04434572e-05
88 54     1.47955365e-05
88 90     1.33397866e-05
88 70     1.52639477e-05
88 68     1.30785701e-05
88 52     1.15805555e-05
89 58     1.24021742e-05
89 45     1.09214312e-05
89 10     1.46714505e-05
90 70     1.58038802e-05
90 25     1.48906832e-05
90 88     1.33397866e-05
90 68     2.76724778e-05
91 95     1.59081313e-05
91 94     3.04163763e-05
91 93     2.11770863e-05
91 92     2.76722205e-05
91 75     2.64064542e-05
91 78     2.27424013e-05
91 77     1.91467845e-05
91 45     1.46487097e-05
91 28     1.50899759e-05
92 95      3.6359707e-05
92 94     5.51003754e-05
92 93     5.33408376e-05
92 27     1.03989829e-05
92 75     0.000139302677
92 78     3.34186538e-05
92 91     2.76722205e-05
92 77     1.77922175e-05
92 28     1.21421698e-05
92 60     1.56410309e-05
93 95     3.18703228e-05
93 94     6.41012731e-05
93 92     5.33408376e-05
93 75     8.30707103e-05
93 78     2.07852114e-05
93 91     2.11770863e-05
93 77      2.1494226e-05
93 60     1.82087186e-05
94 95     2.37813476e-05
94 93     6.41012731e-05
94 92     5.51003754e-05
94 75     7.81766216e-05
94 78     2.15931559e-05
94 91     3.04163763e-05
94 77     2.62770261e-05
94 28     1.08781114e-05
94 60      1.4196396e-05
95 94     2.37813476e-05
95 93     3.18703228e-05
95 92      3.6359707e-05
95 27     1.20542584e-05
95 75     3.38262835e-05
95 78     2.73424098e-05
95 91     1.59081313e-05
95 77     1.28660574e-05
95 28     1.04776106e-05
95 60     2.36723918e-05
